time                 Venus           Mars            Jupiter         Saturn          Sun             Moon            Adhara          Aldebaran       Altair          Antares         Arcturus        Betelgeuse      Capella         Deneb           Fomalhaut       Polaris         Pollux          Procyon         Regulus         Rigel           Sirius          Spica           Vega            
2020- 4-22 16:30     44.7   87.9     10.1  238.0     -6.4  248.2     -1.8  245.8     62.3  156.4     56.9  164.7    -14.0  116.1     41.7  102.7     11.9  272.0    -48.4  272.1    -30.9  344.2     20.8   97.2     46.2   60.0     39.6  301.5     14.5  211.1     39.1    0.3     12.1   63.7     -0.9   82.7    -23.0   51.5     18.1  116.8     -4.1  108.2    -62.8  356.2     16.2  307.0
2020- 4-22 17:30     56.4   98.0     -0.3  247.8    -17.6  256.9    -12.9  254.7     63.8  188.9     57.5  191.9     -3.9  124.5     52.8  116.4      0.2  281.3    -60.0  283.8    -32.5    0.8     32.3  107.9     56.5   62.3     29.8  306.3      7.5  222.4     39.1    0.1     23.0   71.7     10.8   92.0    -13.1   63.0     27.9  128.9      6.8  117.7    -60.3   27.1      7.3  314.8
2020- 4-22 18:30     67.8  113.4    -11.5  256.8    -29.2  265.5    -24.4  263.4     59.0  218.2     52.9  216.5      5.2  134.0     62.3  136.9    -11.1  291.0    -70.9  303.6    -30.6   17.3     43.0  121.1     67.0   61.3     20.7  312.2     -1.2  232.2     39.1  359.9     34.4   79.5     22.5  101.8     -2.1   73.0     36.1  143.6     16.6  128.4    -52.9   50.5     -0.4  323.6
2020- 4-22 19:30     77.0  146.8    -23.1  265.6    -41.0  274.9    -36.2  272.5     50.2  238.6     44.7  235.0     12.9  144.8     67.8  169.0    -21.6  301.9    -77.8  348.4    -25.6   32.4     52.1  138.7     76.8   50.3     12.4  319.1    -11.0  240.9     39.1  359.7     46.1   87.8     33.8  113.1      9.3   82.2     41.6  161.4     25.0  141.0    -42.8   66.7     -6.5  333.6
2020- 4-22 20:30     77.4  209.7    -34.9  275.0    -52.6  286.6    -47.8  283.3     39.5  252.8     34.7  248.9     18.6  157.2     66.2  206.1    -30.9  314.9    -74.2   44.4    -18.2   45.5     57.9  162.9     82.5  357.7      5.3  327.0    -21.7  248.8     39.0  359.5     57.8   97.9     43.9  127.3     21.1   91.4     43.3  181.5     31.2  155.7    -31.6   78.7    -10.7  344.7
2020- 4-22 21:30     68.5  245.2    -46.4  286.3    -63.2  304.1    -58.9  298.4     28.0  263.8     23.7  259.9     21.9  170.7     58.6  233.0    -38.0  330.8    -64.1   70.5     -9.0   56.7     58.5  191.3     76.3  308.4     -0.3  335.9    -32.9  256.4     38.9  359.4     69.2  113.8     52.0  146.2     32.8  101.5     41.0  201.4     34.5  172.4    -19.9   88.7    -12.6  356.5
2020- 4-22 22:30     57.2  261.2    -57.1  301.8    -71.0  334.9    -67.8  323.2     16.3  273.3     12.4  269.6     22.4  184.9     48.2  249.9    -42.0  349.5    -52.6   84.1      1.3   66.5     53.6  216.8     66.3  298.5     -4.2  345.7    -44.5  264.2     38.7  359.2     78.2  150.4     56.4  170.9     44.0  113.7     35.1  218.8     34.2  189.9     -8.2   98.0    -12.1    8.5
2020- 4-22 23:30     45.5  271.6    -65.7  326.2    -71.6   19.7    -71.4    3.4      4.7  282.4      1.1  278.7     19.9  198.8     36.8  262.0    -42.1    9.6    -40.9   93.7     12.4   75.4     45.1  235.7     55.9  297.8     -6.0  356.2    -56.3  273.2     38.6  359.2     77.4  216.4     55.5  197.8     54.0  130.3     26.6  233.1     30.5  206.4      3.3  107.2     -9.2   20.0
2020- 4-23  0:30     33.8  279.9    -68.9    2.9    -64.5   52.8    -66.7   41.5     -6.5  291.8     -9.8  288.1     14.9  211.5     25.0  271.7    -38.3   28.4    -29.2  102.0     24.0   84.1     34.6  249.6     45.6  300.1     -5.7    6.8    -67.8  286.4     38.4  359.2     67.8  248.8     49.7  220.7     61.2  154.5     16.5  244.8     24.0  220.9     14.2  117.3     -4.2   30.6
2020- 4-23  1:30     22.4  287.8    -64.6   38.2    -54.0   71.5    -57.3   64.3    -16.9  302.3    -20.1  298.5      7.8  222.8     13.3  280.7    -31.3   44.4    -17.9  110.0     35.8   93.3     23.2  260.7     35.6  304.1     -3.3   17.1    -78.1  315.9     38.2  359.2     56.4  263.5     40.7  237.8     63.3  186.1      5.5  255.0     15.4  233.1     24.1  128.9      2.7   40.2
